51   0   862792   843622   881962 10.3 10.1 10.5   247264   237600   256928 13.3 12.8 13.8   172697   164587   180807 12.6 12.0 13.2  80926  80203  81649   69303   64164   74442 14.4 13.3 15.5 Virginia                                      VA est21-va.txt 30NOV2022
51   1     5326     4096     6556 16.2 12.5 19.9     1725     1232     2218 25.7 18.4 33.0     1189      802     1576 23.8 16.1 31.5  50949  45481  56417                                        Accomack County                               VA est21-va.txt 30NOV2022
51   3     7465     5780     9150  7.0  5.4  8.6     1821     1285     2357  8.2  5.8 10.6     1296      880     1712  7.9  5.4 10.4  91849  86125  97573                                        Albemarle County                              VA est21-va.txt 30NOV2022
51   5     1967     1549     2385 13.3 10.5 16.1      529      370      688 19.7 13.8 25.6      382      256      508 18.6 12.5 24.7  49197  44695  53699                                        Alleghany County                              VA est21-va.txt 30NOV2022
51   7     1307     1015     1599  9.9  7.7 12.1      367      258      476 13.8  9.7 17.9      259      174      344 13.2  8.9 17.5  62884  55162  70606                                        Amelia County                                 VA est21-va.txt 30NOV2022
51   9     3742     2926     4558 12.4  9.7 15.1     1063      759     1367 17.4 12.4 22.4      737      509      965 16.4 11.3 21.5  57294  51767  62821                                        Amherst County                                VA est21-va.txt 30NOV2022
51  11     1873     1439     2307 11.5  8.8 14.2      569      404      734 16.1 11.4 20.8      394      265      523 15.7 10.5 20.9  58860  52402  65318                                        Appomattox County                             VA est21-va.txt 30NOV2022
51  13    18150    15509    20791  7.9  6.8  9.0     3999     3025     4973  9.5  7.2 11.8     2714     1984     3444  9.0  6.6 11.4 124474 119849 129099                                        Arlington County                              VA est21-va.txt 30NOV2022
51  15     6314     5006     7622  8.5  6.7 10.3     1633     1207     2059 11.4  8.4 14.4     1119      773     1465 10.2  7.1 13.3  69243  63176  75310                                        Augusta County                                VA est21-va.txt 30NOV2022
51  17      449      345      553 11.1  8.5 13.7      109       77      141 17.0 12.0 22.0       76       51      101 16.9 11.4 22.4  56200  49189  63211                                        Bath County                                   VA est21-va.txt 30NOV2022
51  19     7042     5541     8543  8.8  6.9 10.7     1860     1373     2347 12.0  8.9 15.1     1374     1009     1739 11.6  8.5 14.7  66026  60864  71188                                        Bedford County                                VA est21-va.txt 30NOV2022
51  21      796      604      988 14.4 10.9 17.9      155      109      201 17.4 12.2 22.6      107       72      142 16.0 10.7 21.3  50492  44587  56397                                        Bland County                                  VA est21-va.txt 30NOV2022
51  23     2335     1859     2811  7.0  5.6  8.4      501      353      649  8.0  5.6 10.4      360      244      476  7.4  5.0  9.8  74081  67909  80253                                        Botetourt County                              VA est21-va.txt 30NOV2022
51  25     2955     2287     3623 21.3 16.5 26.1      763      570      956 30.5 22.8 38.2      568      417      719 30.6 22.5 38.7  47401  42725  52077                                        Brunswick County                              VA est21-va.txt 30NOV2022
51  27     4502     3498     5506 23.9 18.6 29.2     1102      824     1380 34.2 25.6 42.8      724      504      944 29.8 20.8 38.8  38087  34111  42063                                        Buchanan County                               VA est21-va.txt 30NOV2022
51  29     2487     1848     3126 16.8 12.5 21.1      646      449      843 21.7 15.1 28.3      442      286      598 19.8 12.8 26.8  54263  49592  58934                                        Buckingham County                             VA est21-va.txt 30NOV2022
51  31     6018     4708     7328 10.9  8.5 13.3     1690     1181     2199 15.5 10.8 20.2     1164      775     1553 14.5  9.7 19.3  53059  50168  55950                                        Campbell County                               VA est21-va.txt 30NOV2022
51  33     3357     2665     4049 10.9  8.7 13.1     1079      804     1354 15.5 11.5 19.5      747      538      956 14.5 10.4 18.6  73390  67445  79335                                        Caroline County                               VA est21-va.txt 30NOV2022
51  35     4231     3348     5114 14.6 11.5 17.7     1201      904     1498 23.8 17.9 29.7      854      629     1079 22.4 16.5 28.3  45956  42043  49869                                        Carroll County                                VA est21-va.txt 30NOV2022
51  36      753      576      930 11.4  8.7 14.1      176      124      228 19.0 13.4 24.6      122       80      164 17.6 11.6 23.6  63299  56247  70351                                        Charles City County                           VA est21-va.txt 30NOV2022
51  37     1917     1470     2364 16.9 12.9 20.9      619      428      810 25.8 17.9 33.7      446      295      597 24.7 16.4 33.0  48382  43510  53254                                        Charlotte County                              VA est21-va.txt 30NOV2022
51  41    26947    22687    31207  7.4  6.2  8.6     8415     6527    10303  9.7  7.5 11.9     5427     3969     6885  8.3  6.1 10.5  86101  82991  89211                                        Chesterfield County                           VA est21-va.txt 30NOV2022
51  43     1059      831     1287  7.2  5.6  8.8      224      162      286  7.9  5.7 10.1      148       99      197  6.6  4.4  8.8  91603  80860 102346                                        Clarke County                                 VA est21-va.txt 30NOV2022
51  45      557      432      682 11.5  8.9 14.1      152      108      196 18.5 13.2 23.8      107       71      143 16.7 11.1 22.3  57299  50651  63947                                        Craig County                                  VA est21-va.txt 30NOV2022
51  47     4647     3554     5740  8.9  6.8 11.0     1572     1111     2033 12.0  8.5 15.5     1105      742     1468 11.3  7.6 15.0  82220  73727  90713                                        Culpeper County                               VA est21-va.txt 30NOV2022
51  49     1432     1089     1775 14.8 11.3 18.3      445      310      580 23.9 16.6 31.2      324      217      431 23.8 15.9 31.7  52200  45767  58633                                        Cumberland County                             VA est21-va.txt 30NOV2022
51  51     2929     2262     3596 22.0 17.0 27.0      724      527      921 27.7 20.1 35.3      519      367      671 25.7 18.2 33.2  39722  35131  44313                                        Dickenson County                              VA est21-va.txt 30NOV2022
51  53     3268     2637     3899 11.9  9.6 14.2      901      659     1143 16.2 11.8 20.6      638      444      832 14.9 10.4 19.4  66397  59157  73637                                        Dinwiddie County                              VA est21-va.txt 30NOV2022
51  57     1211      907     1515 11.5  8.6 14.4      382      265      499 20.5 14.2 26.8      277      184      370 21.2 14.1 28.3  59012  51889  66135                                        Essex County                                  VA est21-va.txt 30NOV2022
51  59    79572    71140    88004  7.1  6.4  7.8    23029    19466    26592  8.8  7.4 10.2    17656    15081    20231  9.1  7.8 10.4 133845 131600 136090                                        Fairfax County                                VA est21-va.txt 30NOV2022
51  61     4780     3816     5744  6.5  5.2  7.8     1203      879     1527  7.2  5.3  9.1      793      548     1038  6.2  4.3  8.1 106714  98593 114835                                        Fauquier County                               VA est21-va.txt 30NOV2022
51  63     1880     1442     2318 12.1  9.3 14.9      490      348      632 16.7 11.9 21.5      335      227      443 15.3 10.4 20.2  54765  48314  61216                                        Floyd County                                  VA est21-va.txt 30NOV2022
51  65     2027     1565     2489  7.7  6.0  9.4      491      344      638  9.3  6.5 12.1      339      227      451  8.5  5.7 11.3  77226  69831  84621                                        Fluvanna County                               VA est21-va.txt 30NOV2022
51  67     6052     4704     7400 11.2  8.7 13.7     1702     1216     2188 16.8 12.0 21.6     1205      831     1579 15.8 10.9 20.7  60062  55586  64538                                        Franklin County                               VA est21-va.txt 30NOV2022
51  69     6980     5589     8371  7.5  6.0  9.0     2080     1538     2622  9.9  7.3 12.5     1493     1073     1913  9.4  6.7 12.1  85262  78429  92095                                        Frederick County                              VA est21-va.txt 30NOV2022
51  71     1934     1516     2352 11.8  9.3 14.3      552      392      712 17.3 12.3 22.3      383      261      505 15.7 10.7 20.7  55018  50436  59600                                        Giles County                                  VA est21-va.txt 30NOV2022
51  73     3252     2479     4025  8.4  6.4 10.4      939      656     1222 12.2  8.5 15.9      671      451      891 11.6  7.8 15.4  75630  69069  82191                                        Gloucester County                             VA est21-va.txt 30NOV2022
51  75     1549     1163     1935  6.3  4.7  7.9      339      237      441  8.1  5.7 10.5      246      164      328  7.7  5.1 10.3 104379  92088 116670                                        Goochland County                              VA est21-va.txt 30NOV2022
51  77     2527     1941     3113 17.6 13.5 21.7      592      416      768 24.4 17.1 31.7      423      281      565 23.1 15.4 30.8  42553  37856  47250                                        Grayson County                                VA est21-va.txt 30NOV2022
51  79     1630     1252     2008  7.8  6.0  9.6      580      406      754 11.8  8.3 15.3      411      273      549 11.3  7.5 15.1  76941  69503  84379                                        Greene County                                 VA est21-va.txt 30NOV2022
51  81     1945     1463     2427 24.4 18.3 30.5      445      311      579 25.4 17.7 33.1      294      190      398 22.5 14.5 30.5  49323  43246  55400                                        Greensville County                            VA est21-va.txt 30NOV2022
51  83     5290     4176     6404 16.0 12.6 19.4     1533     1112     1954 22.4 16.2 28.6     1068      736     1400 21.2 14.6 27.8  46244  43174  49314                                        Halifax County                                VA est21-va.txt 30NOV2022
51  85     7297     6226     8368  6.7  5.7  7.7     2020     1673     2367  8.5  7.0 10.0     1430     1158     1702  7.7  6.2  9.2  95195  89849 100541                                        Hanover County                                VA est21-va.txt 30NOV2022
51  87    23099    18974    27224  7.0  5.8  8.2     7300     5164     9436  9.9  7.0 12.8     4963     3341     6585  9.1  6.1 12.1  78888  75702  82074                                        Henrico County                                VA est21-va.txt 30NOV2022
51  89     8421     6846     9996 17.0 13.8 20.2     2340     1732     2948 24.6 18.2 31.0     1499     1008     1990 20.5 13.8 27.2  45784  41010  50558                                        Henry County                                  VA est21-va.txt 30NOV2022
51  91      290      220      360 13.1 10.0 16.2       60       42       78 21.6 15.1 28.1       42       28       56 21.1 14.0 28.2  48972  43065  54879                                        Highland County                               VA est21-va.txt 30NOV2022
51  93     3205     2518     3892  8.2  6.4 10.0      947      696     1198 11.4  8.4 14.4      670      478      862 10.5  7.5 13.5  86286  79637  92935                                        Isle of Wight County                          VA est21-va.txt 30NOV2022
51  95     5538     4409     6667  7.0  5.6  8.4     1592     1190     1994 10.3  7.7 12.9     1135      820     1450  9.6  6.9 12.3  92270  84968  99572                                        James City County                             VA est21-va.txt 30NOV2022
51  97      938      750     1126 14.1 11.3 16.9      262      201      323 22.5 17.3 27.7      177      129      225 21.0 15.3 26.7  59730  52452  67008                                        King and Queen County                         VA est21-va.txt 30NOV2022
51  99     1776     1375     2177  6.5  5.0  8.0      562      398      726  8.4  5.9 10.9      395      270      520  7.7  5.2 10.2  98668  88512 108824                                        King George County                            VA est21-va.txt 30NOV2022
51 101     1280      987     1573  7.1  5.5  8.7      409      289      529 10.0  7.1 12.9      287      195      379  9.4  6.4 12.4  79378  70204  88552                                        King William County                           VA est21-va.txt 30NOV2022
51 103     1291      983     1599 12.0  9.1 14.9      393      272      514 23.1 16.0 30.2      287      190      384 22.3 14.8 29.8  58578  52932  64224                                        Lancaster County                              VA est21-va.txt 30NOV2022
51 105     5178     4139     6217 25.1 20.1 30.1     1365      998     1732 33.9 24.8 43.0      983      713     1253 32.2 23.4 41.0  38529  34742  42316                                        Lee County                                    VA est21-va.txt 30NOV2022
51 107    15315    12529    18101  3.6  2.9  4.3     4291     3150     5432  3.7  2.7  4.7     2842     1925     3759  3.2  2.2  4.2 153716 149197 158235                                        Loudoun County                                VA est21-va.txt 30NOV2022
51 109     3873     3053     4693 10.0  7.9 12.1     1072      774     1370 14.1 10.2 18.0      735      502      968 13.1  8.9 17.3  68838  63370  74306                                        Louisa County                                 VA est21-va.txt 30NOV2022
51 111     2045     1549     2541 18.7 14.2 23.2      568      399      737 24.7 17.3 32.1      400      270      530 23.1 15.6 30.6  44852  40350  49354                                        Lunenburg County                              VA est21-va.txt 30NOV2022
51 113     1294      972     1616  9.4  7.1 11.7      433      304      562 15.8 11.1 20.5      300      201      399 14.5  9.7 19.3  67527  59721  75333                                        Madison County                                VA est21-va.txt 30NOV2022
51 115      776      589      963  9.1  6.9 11.3      201      142      260 15.3 10.8 19.8      145       97      193 14.4  9.7 19.1  69978  61844  78112                                        Mathews County                                VA est21-va.txt 30NOV2022
51 117     4619     3684     5554 15.7 12.5 18.9     1268      898     1638 22.9 16.2 29.6      920      633     1207 22.8 15.7 29.9  48013  43567  52459                                        Mecklenburg County                            VA est21-va.txt 30NOV2022
51 119     1360     1036     1684 13.0  9.9 16.1      351      247      455 21.1 14.8 27.4      250      170      330 20.9 14.2 27.6  62710  55285  70135                                        Middlesex County                              VA est21-va.txt 30NOV2022
51 121    20612    18606    22618 23.3 21.0 25.6     2095     1550     2640 14.0 10.4 17.6     1394      984     1804 12.6  8.9 16.3  57752  51893  63611                                        Montgomery County                             VA est21-va.txt 30NOV2022
51 125     1828     1450     2206 12.4  9.8 15.0      476      335      617 18.8 13.2 24.4      330      220      440 17.9 11.9 23.9  61224  54065  68383                                        Nelson County                                 VA est21-va.txt 30NOV2022
51 127     1150      861     1439  4.9  3.7  6.1      324      227      421  7.2  5.1  9.3      233      156      310  6.9  4.6  9.2 102920  90918 114922                                        New Kent County                               VA est21-va.txt 30NOV2022
51 131     2089     1623     2555 17.6 13.7 21.5      659      465      853 29.2 20.6 37.8      463      313      613 27.0 18.2 35.8  51059  45277  56841                                        Northampton County                            VA est21-va.txt 30NOV2022
51 133     1579     1210     1948 13.1 10.0 16.2      418      296      540 24.2 17.2 31.2      288      195      381 22.6 15.3 29.9  63255  55576  70934                                        Northumberland County                         VA est21-va.txt 30NOV2022
51 135     2800     2118     3482 21.0 15.9 26.1      618      408      828 21.1 13.9 28.3      454      287      621 21.0 13.3 28.7  46442  40977  51907                                        Nottoway County                               VA est21-va.txt 30NOV2022
51 137     3257     2501     4013  8.9  6.8 11.0      988      698     1278 12.9  9.1 16.7      705      481      929 12.5  8.5 16.5  94547  89727  99367                                        Orange County                                 VA est21-va.txt 30NOV2022
51 139     3154     2524     3784 13.4 10.7 16.1      851      592     1110 18.0 12.5 23.5      603      402      804 17.4 11.6 23.2  53449  47173  59725                                        Page County                                   VA est21-va.txt 30NOV2022
51 141     2481     1882     3080 14.3 10.8 17.8      681      476      886 22.5 15.7 29.3      476      319      633 19.9 13.3 26.5  46963  42018  51908                                        Patrick County                                VA est21-va.txt 30NOV2022
51 143     7731     6217     9245 13.1 10.5 15.7     1972     1405     2539 18.3 13.1 23.5     1341      896     1786 16.2 10.8 21.6  52006  47090  56922                                        Pittsylvania County                           VA est21-va.txt 30NOV2022
51 145     1812     1373     2251  6.0  4.5  7.5      405      286      524  7.3  5.2  9.4      292      199      385  6.9  4.7  9.1  99854  89545 110163                                        Powhatan County                               VA est21-va.txt 30NOV2022
51 147     3407     2609     4205 18.7 14.3 23.1      867      605     1129 25.1 17.5 32.7      617      413      821 25.0 16.8 33.2  51239  45219  57259                                        Prince Edward County                          VA est21-va.txt 30NOV2022
51 149     4017     3160     4874 10.4  8.2 12.6     1208      889     1527 12.7  9.3 16.1      864      622     1106 11.9  8.6 15.2  79710  71391  88029                                        Prince George County                          VA est21-va.txt 30NOV2022
51 153    30613    26020    35206  6.4  5.4  7.4    10715     8239    13191  8.4  6.5 10.3     7551     5665     9437  8.0  6.0 10.0 116354 111580 121128                                        Prince William County                         VA est21-va.txt 30NOV2022
51 155     4420     3449     5391 13.5 10.5 16.5     1186      842     1530 20.0 14.2 25.8      814      559     1069 18.6 12.8 24.4  53111  48287  57935                                        Pulaski County                                VA est21-va.txt 30NOV2022
51 157      671      507      835  9.1  6.9 11.3      192      135      249 15.9 11.2 20.6      137       92      182 15.0 10.1 19.9  80098  70143  90053                                        Rappahannock County                           VA est21-va.txt 30NOV2022
51 159     1250      939     1561 16.9 12.7 21.1      300      211      389 20.1 14.1 26.1      210      140      280 18.9 12.6 25.2  53959  47346  60572                                        Richmond County                               VA est21-va.txt 30NOV2022
51 161     7597     6309     8885  8.1  6.7  9.5     1639     1195     2083  8.7  6.3 11.1     1180      834     1526  8.1  5.7 10.5  73438  67149  79727                                        Roanoke County                                VA est21-va.txt 30NOV2022
51 163     2254     1673     2835 10.2  7.6 12.8      659      458      860 16.8 11.7 21.9      459      305      613 15.1 10.0 20.2  59252  54154  64350                                        Rockbridge County                             VA est21-va.txt 30NOV2022
51 165     6848     5436     8260  8.3  6.6 10.0     1954     1387     2521 10.6  7.5 13.7     1347      914     1780  9.8  6.6 13.0  72392  68244  76540                                        Rockingham County                             VA est21-va.txt 30NOV2022
51 167     4649     3661     5637 18.4 14.5 22.3     1154      822     1486 24.0 17.1 30.9      802      544     1060 22.4 15.2 29.6  45254  39950  50558                                        Russell County                                VA est21-va.txt 30NOV2022
51 169     4049     3309     4789 19.6 16.0 23.2      906      671     1141 24.0 17.8 30.2      571      387      755 19.3 13.1 25.5  42894  37785  48003                                        Scott County                                  VA est21-va.txt 30NOV2022
51 171     4361     3514     5208  9.8  7.9 11.7     1391     1034     1748 14.9 11.1 18.7      981      703     1259 14.4 10.3 18.5  65308  58285  72331                                        Shenandoah County                             VA est21-va.txt 30NOV2022
51 173     5042     4161     5923 17.5 14.4 20.6     1288      900     1676 23.2 16.2 30.2      894      594     1194 21.1 14.0 28.2  42303  37986  46620                                        Smyth County                                  VA est21-va.txt 30NOV2022
51 175     2316     1736     2896 14.1 10.6 17.6      636      442      830 19.2 13.4 25.0      433      282      584 17.0 11.1 22.9  57965  51792  64138                                        Southampton County                            VA est21-va.txt 30NOV2022
51 177    10287     8276    12298  7.2  5.8  8.6     3625     2703     4547 10.5  7.8 13.2     2525     1767     3283  9.6  6.7 12.5 100162  95864 104460                                        Spotsylvania County                           VA est21-va.txt 30NOV2022
51 179     8443     6672    10214  5.4  4.3  6.5     2767     1971     3563  6.7  4.8  8.6     1940     1314     2566  6.1  4.1  8.1 116569 111032 122106                                        Stafford County                               VA est21-va.txt 30NOV2022
51 181      797      607      987 12.2  9.3 15.1      217      153      281 20.1 14.2 26.0      155      104      206 20.4 13.7 27.1  61358  53707  69009                                        Surry County                                  VA est21-va.txt 30NOV2022
51 183     1616     1192     2040 19.5 14.4 24.6      431      296      566 26.9 18.5 35.3      303      198      408 25.2 16.5 33.9  54282  49246  59318                                        Sussex County                                 VA est21-va.txt 30NOV2022
51 185     7500     6172     8828 19.6 16.1 23.1     2121     1661     2581 27.8 21.8 33.8     1480     1122     1838 25.7 19.5 31.9  40728  36316  45140                                        Tazewell County                               VA est21-va.txt 30NOV2022
51 187     3699     2927     4471  9.2  7.3 11.1     1187      894     1480 13.4 10.1 16.7      816      589     1043 12.8  9.2 16.4  73546  67378  79714                                        Warren County                                 VA est21-va.txt 30NOV2022
51 191     6900     5541     8259 13.3 10.7 15.9     1643     1168     2118 17.6 12.5 22.7     1182      799     1565 16.6 11.2 22.0  54223  49370  59076                                        Washington County                             VA est21-va.txt 30NOV2022
51 193     2812     2257     3367 15.1 12.1 18.1      836      614     1058 24.2 17.8 30.6      603      434      772 23.9 17.2 30.6  59959  53249  66669                                        Westmoreland County                           VA est21-va.txt 30NOV2022
51 195     6330     4958     7702 19.2 15.0 23.4     1754     1213     2295 25.7 17.8 33.6     1189      779     1599 23.2 15.2 31.2  41994  39209  44779                                        Wise County                                   VA est21-va.txt 30NOV2022
51 197     4727     3985     5469 16.9 14.2 19.6     1366     1099     1633 25.4 20.4 30.4     1038      831     1245 25.8 20.7 30.9  51206  45972  56440                                        Wythe County                                  VA est21-va.txt 30NOV2022
51 199     3559     2761     4357  5.1  4.0  6.2     1001      697     1305  6.1  4.3  7.9      703      470      936  5.5  3.7  7.3  97500  91996 103004                                        York County                                   VA est21-va.txt 30NOV2022
51 510    15125    12830    17420  9.9  8.4 11.4     4158     3155     5161 15.1 11.5 18.7     2606     1813     3399 15.0 10.4 19.6 100877  96243 105511                                        Alexandria city                               VA est21-va.txt 30NOV2022
51 520     3098     2382     3814 18.4 14.2 22.6     1067      748     1386 31.6 22.2 41.0      758      511     1005 29.6 20.0 39.2  41272  37323  45221                                        Bristol city                                  VA est21-va.txt 30NOV2022
51 530      921      715     1127 15.1 11.7 18.5      299      213      385 21.7 15.5 27.9      208      143      273 21.0 14.5 27.5  47144  41294  52994                                        Buena Vista city                              VA est21-va.txt 30NOV2022
51 540     9432     8222    10642 21.6 18.8 24.4     1453     1096     1810 20.4 15.4 25.4      915      634     1196 19.5 13.5 25.5  61255  54011  68499                                        Charlottesville city                          VA est21-va.txt 30NOV2022
51 550    20347    16919    23775  8.3  6.9  9.7     5896     4294     7498  9.8  7.1 12.5     4143     2880     5406  9.2  6.4 12.0  87057  82372  91742                                        Chesapeake city                               VA est21-va.txt 30NOV2022
51 570     1704     1289     2119  9.4  7.1 11.7      706      492      920 16.4 11.4 21.4      511      341      681 16.5 11.0 22.0  59455  52911  65999                                        Colonial Heights city                         VA est21-va.txt 30NOV2022
51 580      979      776     1182 17.4 13.8 21.0      375      280      470 29.3 21.9 36.7      251      182      320 27.8 20.1 35.5  43075  38582  47568                                        Covington city                                VA est21-va.txt 30NOV2022
51 590     9832     8001    11663 24.2 19.7 28.7     3480     2607     4353 37.8 28.3 47.3     2547     1852     3242 37.3 27.1 47.5  37652  34089  41215                                        Danville city                                 VA est21-va.txt 30NOV2022
51 595     1143      875     1411 21.1 16.2 26.0      476      336      616 33.8 23.8 43.8      336      226      446 32.8 22.1 43.5  41610  36528  46692                                        Emporia city                                  VA est21-va.txt 30NOV2022
51 600     1747     1363     2131  7.3  5.7  8.9      437      305      569  7.7  5.4 10.0      307      205      409  8.4  5.6 11.2 107334  97034 117634                                        Fairfax city                                  VA est21-va.txt 30NOV2022
51 610      581      441      721  4.0  3.0  5.0      125       87      163  3.6  2.5  4.7       79       52      106  2.9  1.9  3.9 142430 126868 157992                                        Falls Church city                             VA est21-va.txt 30NOV2022
51 620     1584     1212     1956 19.6 15.0 24.2      721      508      934 33.4 23.5 43.3      505      340      670 33.7 22.7 44.7  46460  40844  52076                                        Franklin city                                 VA est21-va.txt 30NOV2022
51 630     3696     2870     4522 14.2 11.0 17.4     1208      850     1566 20.8 14.6 27.0      847      572     1122 20.9 14.1 27.7  77437  75422  79452                                        Fredericksburg city                           VA est21-va.txt 30NOV2022
51 640     1334     1034     1634 21.0 16.3 25.7      596      434      758 36.7 26.7 46.7      426      304      548 35.6 25.4 45.8  42023  36936  47110                                        Galax city                                    VA est21-va.txt 30NOV2022
51 650    16442    13278    19606 12.4 10.0 14.8     5618     4213     7023 19.3 14.5 24.1     3834     2736     4932 18.4 13.1 23.7  57662  53752  61572                                        Hampton city                                  VA est21-va.txt 30NOV2022
51 660    11006     9571    12441 25.0 21.7 28.3     1540     1136     1944 18.3 13.5 23.1     1010      713     1307 17.5 12.4 22.6  50250  44850  55650                                        Harrisonburg city                             VA est21-va.txt 30NOV2022
51 670     4737     3891     5583 20.8 17.1 24.5     1828     1333     2323 30.8 22.5 39.1     1253      888     1618 29.1 20.6 37.6  47263  41552  52974                                        Hopewell city                                 VA est21-va.txt 30NOV2022
51 678      988      743     1233 21.0 15.8 26.2      122       85      159 13.1  9.2 17.0       75       50      100 12.1  8.0 16.2  53400  46589  60211                                        Lexington city                                VA est21-va.txt 30NOV2022
51 680    12216    10047    14385 17.8 14.6 21.0     3169     2272     4066 21.6 15.5 27.7     2269     1587     2951 22.4 15.7 29.1  52127  46985  57269                                        Lynchburg city                                VA est21-va.txt 30NOV2022
51 683     3660     2777     4543  8.6  6.5 10.7     1662     1173     2151 15.2 10.7 19.7     1138      761     1515 14.9  9.9 19.9 100530  94332 106728                                        Manassas city                                 VA est21-va.txt 30NOV2022
51 685     1242      943     1541  7.3  5.5  9.1      524      369      679 13.3  9.4 17.2      359      241      477 11.9  8.0 15.8  87255  77294  97216                                        Manassas Park city                            VA est21-va.txt 30NOV2022
51 690     2622     1997     3247 19.9 15.2 24.6     1125      771     1479 32.2 22.0 42.4      770      504     1036 30.1 19.7 40.5  38571  34388  42754                                        Martinsville city                             VA est21-va.txt 30NOV2022
51 700    27809    23692    31926 15.8 13.5 18.1     9708     7703    11713 23.0 18.3 27.7     6846     5359     8333 23.2 18.2 28.2  58303  55083  61523                                        Newport News city                             VA est21-va.txt 30NOV2022
51 710    34150    28465    39835 16.9 14.1 19.7    10358     7936    12780 23.1 17.7 28.5     6625     4874     8376 21.9 16.1 27.7  56951  54335  59567                                        Norfolk city                                  VA est21-va.txt 30NOV2022
51 720      738      567      909 20.4 15.7 25.1      256      181      331 31.9 22.6 41.2      175      117      233 30.1 20.2 40.0  38316  33699  42933                                        Norton city                                   VA est21-va.txt 30NOV2022
51 730     7518     6064     8972 22.8 18.4 27.2     2628     1873     3383 35.6 25.4 45.8     1750     1171     2329 35.9 24.0 47.8  40682  36443  44921                                        Petersburg city                               VA est21-va.txt 30NOV2022
51 735      677      516      838  5.4  4.1  6.7      170      119      221  5.9  4.1  7.7      117       78      156  5.1  3.4  6.8 105525  95763 115287                                        Poquoson city                                 VA est21-va.txt 30NOV2022
51 740    16721    13735    19707 17.6 14.5 20.7     5732     4193     7271 25.8 18.9 32.7     3942     2813     5071 25.8 18.4 33.2  53618  49715  57521                                        Portsmouth city                               VA est21-va.txt 30NOV2022
51 750     3456     2747     4165 25.6 20.3 30.9      363      262      464 17.9 12.9 22.9      239      162      316 16.2 11.0 21.4  48898  44481  53315                                        Radford city                                  VA est21-va.txt 30NOV2022
51 760    45409    40136    50682 21.1 18.7 23.5    12220    10021    14419 32.0 26.2 37.8     8810     7237    10383 34.8 28.6 41.0  52011  48627  55395                                        Richmond city                                 VA est21-va.txt 30NOV2022
51 770    17429    14545    20313 17.9 14.9 20.9     5983     4422     7544 27.4 20.3 34.5     4079     2916     5242 26.4 18.9 33.9  47545  43736  51354                                        Roanoke city                                  VA est21-va.txt 30NOV2022
51 775     2469     1976     2962 10.5  8.4 12.6      644      475      813 13.6 10.0 17.2      449      315      583 12.6  8.8 16.4  60740  53712  67768                                        Salem city                                    VA est21-va.txt 30NOV2022
51 790     2979     2329     3629 12.0  9.4 14.6      841      580     1102 17.5 12.1 22.9      589      389      789 17.9 11.8 24.0  54508  48531  60485                                        Staunton city                                 VA est21-va.txt 30NOV2022
51 800    10069     8207    11931 10.6  8.6 12.6     3077     2192     3962 13.7  9.8 17.6     2095     1379     2811 12.7  8.4 17.0  78090  73032  83148                                        Suffolk city                                  VA est21-va.txt 30NOV2022
51 810    41912    36593    47231  9.4  8.2 10.6    11805     9518    14092 11.9  9.6 14.2     8342     6552    10132 11.5  9.0 14.0  81364  79364  83364                                        Virginia Beach city                           VA est21-va.txt 30NOV2022
51 820     2748     2134     3362 12.3  9.6 15.0      989      701     1277 19.2 13.6 24.8      692      473      911 18.7 12.8 24.6  54106  48495  59717                                        Waynesboro city                               VA est21-va.txt 30NOV2022
51 830     2170     1691     2649 19.3 15.0 23.6      387      273      501 21.9 15.5 28.3      257      173      341 20.4 13.7 27.1  61750  55038  68462                                        Williamsburg city                             VA est21-va.txt 30NOV2022
51 840     3388     2578     4198 12.5  9.5 15.5     1158      804     1512 18.9 13.1 24.7      774      510     1038 17.5 11.5 23.5  55908  51403  60413                                        Winchester city                               VA est21-va.txt 30NOV2022
